###
###

.pkgname <- "BSgenome.Carabica.NCBI.Cara1.0"

.seqnames <- c("chr1_can","chr1_eug","chr2_can","chr2_eug","chr3_can","chr3_eug","chr4_can","chr4_eug","chr5_eug","chr5_can","chr6_can","chr6_eug","chr7_can","chr7_eug","chr8_eug","chr8_can","chr9_can","chr9_eug","chr10_eug","chr10_can","chr11_can","chr11_eug","Pltd","SczI0sq_2864;HRSCAF=4338.2","SczI0sq_28;HRSCAF=124.2","SczI0sq_2878;HRSCAF=4412.1","SczI0sq_2867;HRSCAF=4344.2","SczI0sq_2857;HRSCAF=4322.1","SczI0sq_2868;HRSCAF=4350.1","SczI0sq_1;HRSCAF=35","SczI0sq_3;HRSCAF=45","SczI0sq_4;HRSCAF=49","SczI0sq_5;HRSCAF=50","SczI0sq_6;HRSCAF=51","SczI0sq_7;HRSCAF=53","SczI0sq_8;HRSCAF=59","SczI0sq_9;HRSCAF=62","SczI0sq_10;HRSCAF=64","SczI0sq_11;HRSCAF=66","SczI0sq_12;HRSCAF=71","SczI0sq_13;HRSCAF=72","SczI0sq_14;HRSCAF=75","SczI0sq_15;HRSCAF=83","SczI0sq_16;HRSCAF=84","SczI0sq_17;HRSCAF=89","SczI0sq_18;HRSCAF=91","SczI0sq_19;HRSCAF=98","SczI0sq_20;HRSCAF=104","SczI0sq_21;HRSCAF=105","SczI0sq_22;HRSCAF=111","SczI0sq_24;HRSCAF=114","SczI0sq_25;HRSCAF=118","SczI0sq_26;HRSCAF=121","SczI0sq_27;HRSCAF=122","SczI0sq_29;HRSCAF=134","SczI0sq_30;HRSCAF=136","SczI0sq_31;HRSCAF=139","SczI0sq_32;HRSCAF=140","SczI0sq_33;HRSCAF=142","SczI0sq_34;HRSCAF=146","SczI0sq_35;HRSCAF=148","SczI0sq_36;HRSCAF=162","SczI0sq_37;HRSCAF=170","SczI0sq_38;HRSCAF=173","SczI0sq_39;HRSCAF=175","SczI0sq_40;HRSCAF=176","SczI0sq_42;HRSCAF=181","SczI0sq_44;HRSCAF=189","SczI0sq_45;HRSCAF=191","SczI0sq_46;HRSCAF=192","SczI0sq_47;HRSCAF=194","SczI0sq_48;HRSCAF=203","SczI0sq_49;HRSCAF=207","SczI0sq_50;HRSCAF=209","SczI0sq_51;HRSCAF=224","SczI0sq_52;HRSCAF=225","SczI0sq_54;HRSCAF=231","SczI0sq_55;HRSCAF=234","SczI0sq_56;HRSCAF=235","SczI0sq_57;HRSCAF=238","SczI0sq_58;HRSCAF=241","SczI0sq_59;HRSCAF=249","SczI0sq_60;HRSCAF=256","SczI0sq_61;HRSCAF=257","SczI0sq_62;HRSCAF=259","SczI0sq_63;HRSCAF=265","SczI0sq_64;HRSCAF=266","SczI0sq_65;HRSCAF=269","SczI0sq_66;HRSCAF=270","SczI0sq_67;HRSCAF=272","SczI0sq_68;HRSCAF=276","SczI0sq_69;HRSCAF=280","SczI0sq_70;HRSCAF=281","SczI0sq_71;HRSCAF=286","SczI0sq_72;HRSCAF=290","SczI0sq_73;HRSCAF=291","SczI0sq_74;HRSCAF=297","SczI0sq_75;HRSCAF=299","SczI0sq_76;HRSCAF=301","SczI0sq_77;HRSCAF=306","SczI0sq_78;HRSCAF=307","SczI0sq_79;HRSCAF=309","SczI0sq_80;HRSCAF=312","SczI0sq_81;HRSCAF=316","SczI0sq_82;HRSCAF=321","SczI0sq_84;HRSCAF=329","SczI0sq_85;HRSCAF=330","SczI0sq_86;HRSCAF=337","SczI0sq_87;HRSCAF=341","SczI0sq_88;HRSCAF=359","SczI0sq_89;HRSCAF=365","SczI0sq_90;HRSCAF=367","SczI0sq_91;HRSCAF=368","SczI0sq_92;HRSCAF=369","SczI0sq_93;HRSCAF=370","SczI0sq_94;HRSCAF=373","SczI0sq_97;HRSCAF=388","SczI0sq_98;HRSCAF=390","SczI0sq_99;HRSCAF=392","SczI0sq_100;HRSCAF=397","SczI0sq_101;HRSCAF=399","SczI0sq_102;HRSCAF=402","SczI0sq_103;HRSCAF=405","SczI0sq_104;HRSCAF=406","SczI0sq_105;HRSCAF=413","SczI0sq_106;HRSCAF=414","SczI0sq_107;HRSCAF=419","SczI0sq_109;HRSCAF=425","SczI0sq_111;HRSCAF=436","SczI0sq_112;HRSCAF=438","SczI0sq_113;HRSCAF=451","SczI0sq_114;HRSCAF=461","SczI0sq_115;HRSCAF=465","SczI0sq_116;HRSCAF=467","SczI0sq_117;HRSCAF=469","SczI0sq_118;HRSCAF=473","SczI0sq_119;HRSCAF=474","SczI0sq_120;HRSCAF=477","SczI0sq_121;HRSCAF=492","SczI0sq_123;HRSCAF=506","SczI0sq_126;HRSCAF=525","SczI0sq_128;HRSCAF=530","SczI0sq_129;HRSCAF=532","SczI0sq_130;HRSCAF=548","SczI0sq_131;HRSCAF=550","SczI0sq_132;HRSCAF=555","SczI0sq_133;HRSCAF=557","SczI0sq_134;HRSCAF=558","SczI0sq_135;HRSCAF=563","SczI0sq_136;HRSCAF=564","SczI0sq_137;HRSCAF=567","SczI0sq_138;HRSCAF=584","SczI0sq_139;HRSCAF=586","SczI0sq_140;HRSCAF=588","SczI0sq_141;HRSCAF=589","SczI0sq_142;HRSCAF=592","SczI0sq_143;HRSCAF=595","SczI0sq_144;HRSCAF=596","SczI0sq_145;HRSCAF=598","SczI0sq_146;HRSCAF=603","SczI0sq_147;HRSCAF=604","SczI0sq_148;HRSCAF=608","SczI0sq_149;HRSCAF=611","SczI0sq_150;HRSCAF=612","SczI0sq_151;HRSCAF=616","SczI0sq_152;HRSCAF=628","SczI0sq_153;HRSCAF=630","SczI0sq_154;HRSCAF=632","SczI0sq_155;HRSCAF=639","SczI0sq_156;HRSCAF=643","SczI0sq_157;HRSCAF=645","SczI0sq_158;HRSCAF=648","SczI0sq_159;HRSCAF=656","SczI0sq_160;HRSCAF=661","SczI0sq_161;HRSCAF=664","SczI0sq_162;HRSCAF=665","SczI0sq_163;HRSCAF=671","SczI0sq_164;HRSCAF=675","SczI0sq_165;HRSCAF=679","SczI0sq_166;HRSCAF=681","SczI0sq_167;HRSCAF=684","SczI0sq_168;HRSCAF=686","SczI0sq_169;HRSCAF=687","SczI0sq_170;HRSCAF=689","SczI0sq_171;HRSCAF=691","SczI0sq_173;HRSCAF=694","SczI0sq_174;HRSCAF=696","SczI0sq_175;HRSCAF=698","SczI0sq_176;HRSCAF=699","SczI0sq_177;HRSCAF=701","SczI0sq_178;HRSCAF=703","SczI0sq_179;HRSCAF=708","SczI0sq_180;HRSCAF=709","SczI0sq_181;HRSCAF=710","SczI0sq_182;HRSCAF=711","SczI0sq_183;HRSCAF=719","SczI0sq_184;HRSCAF=720","SczI0sq_185;HRSCAF=727","SczI0sq_186;HRSCAF=731","SczI0sq_188;HRSCAF=738","SczI0sq_189;HRSCAF=739","SczI0sq_190;HRSCAF=740","SczI0sq_191;HRSCAF=741","SczI0sq_192;HRSCAF=742","SczI0sq_193;HRSCAF=745","SczI0sq_194;HRSCAF=752","SczI0sq_195;HRSCAF=754","SczI0sq_196;HRSCAF=760","SczI0sq_198;HRSCAF=764","SczI0sq_199;HRSCAF=768","SczI0sq_200;HRSCAF=770","SczI0sq_201;HRSCAF=772","SczI0sq_202;HRSCAF=781","SczI0sq_203;HRSCAF=784","SczI0sq_204;HRSCAF=785","SczI0sq_205;HRSCAF=786","SczI0sq_206;HRSCAF=788","SczI0sq_207;HRSCAF=789","SczI0sq_208;HRSCAF=790","SczI0sq_209;HRSCAF=792","SczI0sq_211;HRSCAF=796","SczI0sq_212;HRSCAF=799","SczI0sq_213;HRSCAF=811","SczI0sq_214;HRSCAF=813","SczI0sq_215;HRSCAF=815","SczI0sq_216;HRSCAF=816","SczI0sq_217;HRSCAF=818","SczI0sq_219;HRSCAF=829","SczI0sq_220;HRSCAF=830","SczI0sq_221;HRSCAF=832","SczI0sq_222;HRSCAF=833","SczI0sq_223;HRSCAF=835","SczI0sq_224;HRSCAF=840","SczI0sq_225;HRSCAF=843","SczI0sq_226;HRSCAF=850","SczI0sq_227;HRSCAF=852","SczI0sq_228;HRSCAF=855","SczI0sq_229;HRSCAF=859","SczI0sq_230;HRSCAF=863","SczI0sq_231;HRSCAF=870","SczI0sq_232;HRSCAF=872","SczI0sq_234;HRSCAF=882","SczI0sq_235;HRSCAF=883","SczI0sq_237;HRSCAF=900","SczI0sq_238;HRSCAF=908","SczI0sq_239;HRSCAF=912","SczI0sq_240;HRSCAF=913","SczI0sq_241;HRSCAF=916","SczI0sq_243;HRSCAF=924","SczI0sq_244;HRSCAF=931","SczI0sq_246;HRSCAF=938","SczI0sq_247;HRSCAF=939","SczI0sq_248;HRSCAF=942","SczI0sq_249;HRSCAF=946","SczI0sq_250;HRSCAF=947","SczI0sq_251;HRSCAF=948","SczI0sq_252;HRSCAF=951","SczI0sq_253;HRSCAF=960","SczI0sq_255;HRSCAF=987","SczI0sq_256;HRSCAF=989","SczI0sq_257;HRSCAF=991","SczI0sq_258;HRSCAF=995","SczI0sq_259;HRSCAF=996","SczI0sq_261;HRSCAF=1003","SczI0sq_262;HRSCAF=1015","SczI0sq_263;HRSCAF=1017","SczI0sq_264;HRSCAF=1020","SczI0sq_266;HRSCAF=1026","SczI0sq_267;HRSCAF=1031","SczI0sq_268;HRSCAF=1032","SczI0sq_269;HRSCAF=1036","SczI0sq_270;HRSCAF=1043","SczI0sq_271;HRSCAF=1045","SczI0sq_272;HRSCAF=1048","SczI0sq_273;HRSCAF=1050","SczI0sq_274;HRSCAF=1053","SczI0sq_275;HRSCAF=1065","SczI0sq_276;HRSCAF=1066","SczI0sq_277;HRSCAF=1070","SczI0sq_278;HRSCAF=1075","SczI0sq_279;HRSCAF=1076","SczI0sq_280;HRSCAF=1079","SczI0sq_281;HRSCAF=1080","SczI0sq_284;HRSCAF=1083","SczI0sq_285;HRSCAF=1085","SczI0sq_286;HRSCAF=1086","SczI0sq_287;HRSCAF=1088","SczI0sq_288;HRSCAF=1093","SczI0sq_289;HRSCAF=1094","SczI0sq_290;HRSCAF=1095","SczI0sq_291;HRSCAF=1096","SczI0sq_293;HRSCAF=1105","SczI0sq_294;HRSCAF=1106","SczI0sq_295;HRSCAF=1108","SczI0sq_296;HRSCAF=1109","SczI0sq_297;HRSCAF=1114","SczI0sq_298;HRSCAF=1115","SczI0sq_299;HRSCAF=1116","SczI0sq_300;HRSCAF=1118","SczI0sq_301;HRSCAF=1120","SczI0sq_302;HRSCAF=1123","SczI0sq_303;HRSCAF=1124","SczI0sq_304;HRSCAF=1134","SczI0sq_305;HRSCAF=1137","SczI0sq_306;HRSCAF=1151","SczI0sq_307;HRSCAF=1156","SczI0sq_308;HRSCAF=1159","SczI0sq_309;HRSCAF=1165","SczI0sq_310;HRSCAF=1166","SczI0sq_311;HRSCAF=1169","SczI0sq_312;HRSCAF=1181","SczI0sq_313;HRSCAF=1182","SczI0sq_314;HRSCAF=1183","SczI0sq_315;HRSCAF=1184","SczI0sq_316;HRSCAF=1189","SczI0sq_317;HRSCAF=1190","SczI0sq_318;HRSCAF=1191","SczI0sq_319;HRSCAF=1192","SczI0sq_320;HRSCAF=1193","SczI0sq_321;HRSCAF=1194","SczI0sq_322;HRSCAF=1195","SczI0sq_323;HRSCAF=1196","SczI0sq_324;HRSCAF=1197","SczI0sq_325;HRSCAF=1198","SczI0sq_326;HRSCAF=1199","SczI0sq_327;HRSCAF=1200","SczI0sq_328;HRSCAF=1201","SczI0sq_329;HRSCAF=1203","SczI0sq_330;HRSCAF=1204","SczI0sq_331;HRSCAF=1205","SczI0sq_332;HRSCAF=1207",